Team Number Alliance Zone  Alliance Zone Totes  Alliance Zone Cans  Game Pieces On/Off Step  Highest Tote  Cans On Platform  Totes On Platform  Highest Tote/Can  Cans On Totes  Litter In Cans




1156        0.9999            0.333                  0.83333               0.0                0.0                 0.66666             4.16666              3.0              0.625          0.125




1137        0.999            0.1666666                  0.1666               0.0                0.0                 0.1666666             4.0              1.83333              0.0          0.0




1719        0.333            0.16666                  0.0               0.0                0.0                 0.6666             0.33              1.0              0.625          0.5




1731        0.6666            0.5                  0.1666               0.0                0.5                 0.0             3.166              2.0              0.0          0.0




346        0.2            0.0                  0.0               0.0                0.2                 0.4             6.0              4.4              0.2          0.4




342        0.2            0.0                  0.0               0.0                0.0                 0.4             5.399999              3.8              1.2          1.2




3373        0.6000            0.0                  0.0               0.0                0.0                 0.0             3.0              2.2              0.2          0.0




2053        1.0            0.0                  0.6000               0.0                0.0                 0.0             3.4000000              3.2              0.2          0.2




NO 3939        0.8            0.8                  0.2               0.0                0.4                 0.4             3.3999999999999995              2.6              0.8          0.0




2028        0.6000000000000001            0.0                  0.2               0.0                0.0                 0.0             8.8              4.0              0.0          0.0




401        0.4            0.0                  0.4               0.0                0.0                 0.60001             1.2000000000000002              0.4              0.2          0.8




3072        0.4            0.0                  0.0               0.0                0.0                 0.0             1.8              0.6000000000000001              0.0          0.0




122        1.0            0.0                  0.4               0.0                0.0                 0.2             2.0              1.4              0.2          0.0




1086        0.4            0.0                  0.0               0.0                0.0                 0.0             4.8              2.6              0.0          0.0




388        0.8            0.2                  0.2               0.0                0.0                 0.2             1.9999999999999998              2.4              0.4          0.2




1599        0.0            0.0                  0.2               0.0                0.0                 0.4             3.4000000000000004              1.5999999              0.2          0.0




1895        1.0            0.0                  0.6000               0.0                0.0                 0.6000000000000001             1.4              2.0              0.8          0.6000




4481        0.5            1.0                  0.0               0.0                0.0                 0.5             3.5                  3.0                   0.0                   0.0




3489        1.0            0.0                  0.75               0.0                0.0                 0.75             6.5              3.75              1.0          1.0




2363        0.25            0.0                  0.25               0.0                0.0                 1.25             6.75              4.75              1.25          1.25




1522        0.0            0.0                  0.0               0.0                0.0                 0.0             9.25              4.0              0.0          0.0




1287        1.0            1.0                  0.25               0.0                0.0                 1.0             9.25              5.25              1.5          0.0




5279        1.0            0.25                  0.25               0.0                0.0                 0.75             3.0              2.0              0.75          0.75




339        0.5            0.25                  0.25               0.0                0.0                 0.0             2.75              2.25              0.0          0.0




384        0.75            0.0                  0.5               0.0                0.0                 1.25             5.75              4.25              1.25          1.0




383        0.75            0.0                  0.25               0.0                0.0                 0.25             1.75              1.75              0.5          0.25


